Script started on Wed Dec  9 10:05:54 2020
command: python3 orbit.py

1 0 1.5 0.5

2 1 1.125 0.125

7 4 1.06787109375 0.06787109375

12 7 1.0136432647705078125 0.0136432647705078125

53 31 1.002090314041086172591429831617344235161998038108333020090867648832499980926513671875 0.002090314041086172591429831617344235161998038108333020090867648832499980926513671875

359 210 1.00106646150858607986824027831647349481162748487141905182736332281761313770908484341550322851291976 0.001066461508586079868240278316473494811627484871419051827363322817613137709084843415503228512919759955

665 389 1.000043655063443203007432856181103055158600813001163098600286762920399511469845263903970907899723138 0.00004365506344320300743285618110305515860081300116309860028676292039951146984526390397090789972313816122

16266 9515 1.000025459846314535626468456002952639699823484385011109196979950016992736525034711852947525232514892 0.0000254598463145356264684560029526396998234843850111091969799500169927365250347118529475252325148922602

31867 18641 1.000007264960237342531741975712513752548657468231099292779423611990242939254990401170537749909852948 0.000007264960237342531741975712513752548657468231099292779423611990242939254990401170537749909852947881139

111202 65049 1.000003600219653212703081752841634200302584086675696995526946142073688703474840800159256260555624156 0.00000360021965321270308175284163420030258408667569699552694614207368870347484080015925626055562415630425

301739 176506 1.000003535711920280384645907017707445678701731758193876855614337420091058622725183167544439447295658 0.000003535711920280384645907017707445678701731758193876855614337420091058622725183167544439447295658015839

492276 287963 1.000003471204191509298836777029954038685802544056951545359627049664306686278352571840261628403027932 0.000003471204191509298836777029954038685802544056951545359627049664306686278352571840261628403027931962107

682813 399420 1.00000340669646689944538593216183008545742496718541544344061753304114754767105628092055988665511972 0.000003406696466899445385932161830085457424967185415443440617533041147547671056280920559886655119720043111

873350 510877 1.000003342188746450824024941714107486760087673661888797159349846872582330767075024092742827274882137 0.000003342188746450824024941714107486760087673661888797159349846872582330767075024092742827274882137474088

1063887 622334 1.000003277681030163434485375004873936876290930654806736707031065895364177053855419989451759964642022 0.000003277681030163434485375004873936876290930654806736707031065895364177053855419989451759964642021880159

1254424 733791 1.000003213173318037276498801369532922487518037782800588073237331417529745451421128825111381490689004 0.000003213173318037276498801369532922487518037782800588073237331417529745451421128825111381490689004080601

1444961 845248 1.00000314866561007234979679016080372155723683696954768783602697441006579275301427274971865355368739 0.000003148665610072349796790160803721557236836969547687836026974410065792753014272749718653553687389602332

1635498 956705 1.000003084157906268654110910748721402213901294353402073000113777304336745560247598567928749911637507 0.000003084157906268654110910748721402213901294353402073000113777304336745560247598567928749911637506735044

1826035 1068162 1.000003019650206626189172732520636821633953154251801397809273276910822384919150433176003680403530223 0.000003019650206626189172732520636821633953154251801397809273276910822384919150433176003680403530222943383

2016572 1179619 1.000002955142511144954713824881216624924823665180445429459454846500328763030429316933162845096665816 0.000002955142511144954713824881216624924823665180445429459454846500328763030429316933162845096665816469706

2207109 1291076 1.000002890634819824950465757252443244007935377927241474639372130695107822747676654719018323290580447 0.000002890634819824950465757252443244007935377927241474639372130695107822747676654719018323290580446824134

2397646 1402533 1.000002826127132666176160099073614896501704015681012088825644242404251896338829094665091887889213897 0.00000282612713266617616009907361489650170401568101208882564424240425189633882909466509188788921389726097

2588183 1513990 1.000002761619449668631528419801345584604540416214960420259859966605318321416582846031094218047892532 0.000002761619449668631528419801345584604540416214960420259859966605318321416582846031094218047892531814133

2778720 1625447 1.000002697111770832316302288909565093977852546124888540535237051322386830290396915486101350247805639 0.000002697111770832316302288909565093977852546124888540535237051322386830290396915486101350247805639390471

2969257 1736904 1.000002632604096157230213275889518992629047587122164113720848501679658145503838329726599166043307708 0.000002632604096157230213275889518992629047587122164113720848501679658145503838329726599166043307707743515

3159794 1848361 1.000002568096425643372992950249768629794534094381430755951687628419266350244026796008407279295197969 0.000002568096425643372992950249768629794534094381430755951687628419266350244026796008407279295197969019938

3350331 1959818 1.000002503588759290744372881516191134822724226943057437413143437762200098892500824393781373880373396 0.000002503588759290744372881516191134822724226943057437413143437762200098892500824393781373880373395509839

3540868 2071275 1.000002439081097099344084639231979416057036050170322278648757784962108591476633909439794065166916894 0.00000243908109709934408463923197941605703605017032227864875778496210859147663390943979406516691689436781

3731405 2182732 1.000002374573439069171859792957642159718895910261326093120435549353307457425458677315904010725246564 0.000002374573439069171859792957642159718895910261326093120435549353307457425458677315904010725246564365823

3921942 2294189 1.000002310065785200227429912271003828790740880815631027950578924126497280081089599089170850692791577 0.000002310065785200227429912271003828790740880815631027950578924126497280081089599089170850692791577335195

4112479 2405646 1.000002245558135492510526566767204661899021281455619654775916749478563445114551523821828657796130781 0.000002245558135492510526566767204661899021281455619654775916749478563445114551523821828657796130780781823

4303016 2517103 1.000002181050489946020881326058700672197203268502569862643099653176340314590402387370106623997712586 0.00000218105048994602088132605870067219720326850256986264309965317634031459040238737010662399771258554681

4493553 2628560 1.000002116542848560758225759775263646248771497707440904876431597948395415165764415052746260544384714 0.000002116542848560758225759775263646248771497707440904876431597948395415165764415052746260544384713996073

4684090 2740017 1.000002052035211336722291437563981142910231859036365951848408270473720385043929288885328040925427483 0.000002052035211336722291437563981142910231859036365951848408270473720385043929288885328040925427482751929

4874627 2851474 1.000001987527578273912809929089256492214114283510846501584032582071704851078259342580266008444983215 0.000001987527578273912809929089256492214114283510846501584032582071704851078259342580266008444983214659829

5065164 2962931 1.00000192301994937232951280403280879425197562210264400013017738651391720608634904923540066666644488 0.000001923019949372329512804032808794251975622102644000130177386513917206086349049235400666666444880225713

5255701 3074388 1.000001858512324631972131632093672918057402596683364023621565355675022428235018966335033356994674475 0.000001858512324631972131632093672918057402596683364023621565355675022428235018966335033356994674474727362

5446238 3185845 1.000001794004704052840397982988199500489014823028728373975235789017631630541367908639790000306197849 0.000001794004704052840397982988199500489014823028728373975235789017631630541367908639790000306197849411077

5636775 3297302 1.000001729497087634934043426450054945113467905877530440145667968164000950351488359534950239946664491 0.000001729497087634934043426450054945113467905877530440145667968164000950351488359534950239946664490692623

5827312 3408759 1.000001664989475378252799532230221421088456606045269176873030503046278687354234852745187568534398144 0.000001664989475378252799532230221421088456606045269176873030503046278687354234852745187568534398144219469

6017849 3520216 1.000001600481867282796397870096996862045718079592457052857325951346439275510305025826686235468690835 0.000001600481867282796397870096996862045718079592457052857325951346439275510305025826686235468690835264858

6208386 3631673 1.000001535974263348564570009835994964974035189047597320291499828137140730474527950850277480023262793 0.000001535974263348564570009835994964974035189047597320291499828137140730474527950850277480023262792653665

6398923 3743130 1.000001471466663575557047521250145189102239886684825957686882957815498650909333792041818552009499384 0.000001471466663575557047521250145189102239886684825957686882957815498650909333792041818552009499384421907

6589460 3854587 1.000001406959067963773561974159692754782216669856213637924635955583184670777582350214077667106708004 0.000001406959067963773561974159692754782216669856213637924635955583184670777582350214077667106708003999873

6779997 3966044 1.000001342451476513213844938402198642371906108378723073467164460868330461510935074488753251115676817 0.000001342451476513213844938402198642371906108378723073467164460868330461510935074488753251115676817264336

6970534 4077501 1.000001277943889223877627983832539591118308443975817090663773580207449969123445017464130657653224394 0.000001277943889223877627983832539591118308443975817090663773580207449969123445017464130657653224394447655

7161071 4188958 1.000001213436306095764642680322908098040487261773712785085129832208982543126691264544770637108884676 0.000001213436306095764642680322908098040487261773712785085129832208982543126691264544770637108884676223719

7351608 4300415 1.000001148928727128874620597762812416812573233852277109821398722304107972750277785041365561719160521 0.000001148928727128874620597762812416812573233852277109821398722304107972750277785041365561719160521044778

7542145 4411872 1.000001084421152323207293306059076556646767934850559248679225910055191192727530554813659065682844662 0.000001084421152323207293306059076556646767934850559248679225910055191192727530554813659065682844662108207

7732682 4523329 1.000001019913581678762392375135840281176347729626955126213029766837579557018440230124607748124567372 0.000001019913581678762392375135840281176347729626955126213029766837579557018440230124607748124567372023798

7923219 4634786 1.000000955406015195539649374934559107338667732973999406526372956736499105557989571972618624538060395 0.0000009554060151955396493749345591073386677329739994065263729567364991055579895719726186245380603946076558

8113756 4746243 1.000000890898452873538795875414004304258165841387780332779480508507478167685654110958920311438006241 0.000000890898452873538795875414004304258165841387780332779480508507478167685654110958920311438006241006224

8304293 4857700 1.00000082639089471275956344655026289212936683689197275933927168143606695757875000573247039172316704 0.0000008263908947127595634465502628921293668368919727593392716814360669575787500057324703917231670402043371

8494830 4969157 1.00000076188334071320168365833673764109988656291648472850857276290062052302610340375417581904154782 0.0000007618833407132016836583367376410998865629164847285085727629006205230261034037541758190415478196772532

8685367 5080614 1.000000697375790874864888080784147070153436172230712943771477770390569510486909501569881436385872693 0.0000006973757908748648880807841470701534361722307129437714777703905695104869095015698814363858726932499703

8875904 5192071 1.000000632868245197748908283920525445992826446931402491492123865661918707830315482527206831030010218 0.0000006328682451977489082839205254459928264469314024914921238656619187078303154825272068310300102181684607

9066441 5303528 1.000000568360703681853475837791222781922972190485106163004448123621687222691878061979901406062064609 0.0000005683607036818534758377912227819229721904851061630044481236216872226918780619799014060620646090378574

9256978 5414985 1.000000503853166327178322312458904836733896691825238729030792133423636450261291892075338948880096226 0.0000005038531663271783223124589048367338966918252387290307921334236364502612918920753389488800962261031549

9447515 5526442 1.000000439345633133723179278003553113583736261503721518367520744128922680779337888311868191040548574 0.0000004393456331337231792780035531135837362615037215183675207441289226807793378883118681910405485737773568

9638052 5637899 1.00000037483810410148777830452246485888174483989721265277612110213726029531853887579414698684376732 0.0000003748381041014877783045224648588817448398972126527761211021372602953185388757941469868437673196084057

9828589 5749356 1.000000310330579230471850962130253061171298677467918290018547962426788999799211971632882120030485136 0.0000003103305792304718509621302530611712986774679182900185479624267889997992119716328821200304851357096363

10019126 5860813 1.000000245823058520675128820958846450012901087078980226975881090454104452898150897872542125802157319 0.0000002458230585206751288209588464500129010870789802269758810904541044528981508978725421258021573192877079

10209663 5972270 1.000000181315541972097343451157489494867187268364435214789660406359835954788734952843980244610630233 0.0000001813155419720973434511574894948671872683644352147896604063598359547887349528439802446106302330172106

10400200 6083727 1.000000116808029584738226422892742403977929204153741337965564357899737581756522573601282860882619129 0.0000001168080295847382264228927424039779292041537413379655643578997375817565225736012828608826191286412842

10590737 6195184 1.000000052300521358597509306348481123255040628950866809379396843276500277911024133301745672555117477 0.0000000523005213585975093063484811232550406289508668093793968432765002779110241333017456725551174768469706

21372011 12501825 1.000000040093538013840873221889296491068495785184103052356777607466802250055837452197785539571159637 0.00000004009353801384087322188929649106849578518410305235677760746680225005583745219778553957115963696541804

32153285 18808466 1.000000027886554818094671723272605645627385085832558804951791169511131087909444795659019555688500982 0.00000002788655481809467172327260564562738508583255880495179116951113108790944479565901955568850098179536904

42934559 25115107 1.000000015679571771358902991530610535568349486488231565961699527041700553022935939713314274083952612 0.00000001567957177135890299153061053556834948648823156596169952704170055302293593971331427408395261208940798

53715833 31421748 1.000000003472588873633565207695535313636484117939515450707614078202827473560351134545110534660311098 0.000000003472588873633565207695535313636484117939515450707614078202827473560351134545110534660311098376763678

225644606 131993633 1.000000001683372691003095392009889123646448302416327642030222596559745321547401783962200236025779226 0.000000001683372691003095392009889123646448302416327642030222596559745321547401783962200236025779226354884128

623217985 364559151 1.000000001577529202398841467467137903636958303835610520077852136575799339848289241710262120002986368 0.000000001577529202398841467467137903636958303835610520077852136575799339848289241710262120002986368469042237
^[[A
1020791364 597124669 1.000000001471685713805790386985446952261223229147148352970736263283713306764463233959752429303701489 0.000000001471685713805790386985446952261223229147148352970736263283713306764463233959752429303701489191669249

1418364743 829690187 1.000000001365842225223942150563630521423527068013328661071778873136513102072128807594397530001442079 0.000000001365842225223942150563630521423527068013328661071778873136513102072128807594397530001442079337116915

1815938122 1062255705 1.000000001259998736653296758200502863028279313811384128549626529558839553405653103728486363349518244 0.000000001259998736653296758200502863028279313811384128549626529558839553405653103728486363349518243845834237

2213511501 1294821223 1.000000001154155248093854209894878228980014963633379319627678818821227445641940479573034307482181055 0.000000001154155248093854209894878228980014963633379319627678818821227445641940479573034307482181054768775272

2611084880 1527386741 1.000000001048311759545614505645570871183394518286197394833100111912928657610068017532019563310417516 0.000000001048311759545614505645570871183394518286197394833100111912928657610068017532019563310417515712726144

3008658259 1759952259 1.000000000942468271008577645451395041543203982291526827245832732413279277310390789102970145048580217 0.0000000009424682710085776454513950415432039822915268272458327324132792773103907891029701450485802167411566978

3406231638 1992517777 1.000000000836624782482743629311164991964354863885848118747611530361610546827326256907361969229127061 0.0000000008366247824827436293111649919643548638858481187476115303616105468273262569073619692291270611118217516

3803805017 2225083295 1.000000000730781293968112457223694974351884175020420516270979862125703488120027213927470947816658907 0.0000000007307812939681124572236949743518841750204205162709798621257034881200272139274709478166589074926571928

4201378396 2457648813 1.000000000624937805464684129187799240610954431361268728048306976268787060875152674777504401119206457 0.0000000006249378054646841291877992406109544313612687280483069762687870608751526747775044011192064574645715333

4598951775 2690214331 1.000000000519094316972458645202292042646853652289169639860806805415079703605946149588019514614314082 0.0000000005190943169724586452022920426468536522891696398608068054150797036059461495880195146143140824685961265

4996525154 2922779849 1.000000000413250828491436005265987632364995360899639031287558164113874109181830746833818970559910629 0.0000000004132508284914360052659876323649953608996390312875581641138741091818307468338189705599106291071541598

5394098533 3155345367 1.000000000307407340021616209377700261670918584002918291954526352702165085972730567186696290345233124 0.0000000003074073400216162093777002616709185840029182919545263527021650859727305671866962903452331242327615227

5791671912 3387910885 1.000000000201563851562999257536244182470287852123961137783586167165820355792327866225585826955190604 0.0000000002015638515629992575362441824702878521239611377835861671658203557923278662255858269551906043492356869

6189245291 3620476403 1.000000000095720363115585149740433646668893199502420327241546314999294139824465479587854748672511711 0.00000000009572036311558514974043364666889319950242032724154631499929413982446547958785474867251171055022421599
Script done on Sat Dec 12 10:45:19 2020
