Script started on Wed Dec 16 09:04:22 2020
command: python3 orbit2.py
2	1	1.125
3	2	0.84375
5	3	0.94921875
7	4	1.06787109375
12	7	1.0136432647705078125
29	17	0.9752963217818404473291593603789806365966796875
41	24	0.98860254772961248239337116172631425570216379128396511077880859375
53	31	1.002090314041086172591429831617344235161998038108333020090867648832499980926513671875
200	117	0.9948149849565276059581197128228432558125791383846645136032206995418778158536537214160833384848744605
253	148	0.9968944606878651651727050186566263162619671513040014165503983449764876327258554113654713923660278318
306	179	0.9989782831765220372248398258889759783048699826837093150891604963960254899792540817389080590961822402
359	210	1.00106646150858607986824027831647349481162748487141905182736332281761313770908484341550322851291976
665	389	1.000043655063443203007432856181103055158600813001163098600286762920399511469845263903970907899723138
8286	4847	0.9995017343707229756488921518496351948763311002441358548119587316088192738150959183337675792549413894
8951	5236	0.9995453676823485210003571118817215644404146006630033209761674272106505990607399479309380820442076408
9616	5625	0.9995890028987890536020517361704868504722249451997220947715870609615836657677383960424610312138330541
10281	6014	0.9996326400201277282730919974196411265277594638372102667845065148483456209441954210952482968632749907
10946	6403	0.9996762790464477034627227724487530676408717653357840734843698724270063460562962748025799938635650881
11611	6792	0.9997199199778321412504763157008661331374914318850220798952057654207035580642534370371197969537719089
12276	7181	0.9997635628143642073463307396682857785012194619595576667988662354800982418344762648782678990369639607
12941	7570	0.9998072075561270710908685022368397094854836282233347642780007580820197613115736572904977584439944615
13606	7959	0.9998508542032039054554349009489132048518431137761183641197239996075735903924746385821481832526586697
14271	8348	0.999894502755677887042296574185561547299012552530619822021019232901388250714958781836397728872611714
14936	8737	0.9999381532136321960848000092680016153327319531748495505079678797449510218627170598621518329941359128
15601	9126	0.9999818055771500164475300574787847020127409561397155222203535792918452275212318272487056115623159873
31867	18641	1.000007264960237342531741975712513752548657468231099292779423611990242939254990401170537749909852948
79335	46408	0.9999963352860398713729083372120571268633311653316804123452734469566704451534695148047287798345801319
111202	65049	1.000003600219653212703081752841634200302584086675696995526946142073688703474840800159256260555624159
190537	111457	0.9999999354924993088533320524373167061798953015319687545511844603504774067755217676155908650958029012
5446238	3185845	1.000001794004704052840397982988199500489014823028728373975235789017631630541367908639790000306197841
5636775	3297302	1.000001729497087634934043426450054945113467905877530440145667968164000950351488359534950239946664483
5827312	3408759	1.000001664989475378252799532230221421088456606045269176873030503046278687354234852745187568534398134
6017849	3520216	1.000001600481867282796397870096996862045718079592457052857325951346439275510305025826686235468690824
6208386	3631673	1.000001535974263348564570009835994964974035189047597320291499828137140730474527950850277480023262783
6398923	3743130	1.000001471466663575557047521250145189102239886684825957686882957815498650909333792041818552009499374
6589460	3854587	1.000001406959067963773561974159692754782216669856213637924635955583184670777582350214077667106707996
6779997	3966044	1.000001342451476513213844938402198642371906108378723073467164460868330461510935074488753251115676811
6970534	4077501	1.000001277943889223877627983832539591118308443975817090663773580207449969123445017464130657653224386
7161071	4188958	1.000001213436306095764642680322908098040487261773712785085129832208982543126691264544770637108884667
7351608	4300415	1.000001148928727128874620597762812416812573233852277109821398722304107972750277785041365561719160512
7542145	4411872	1.000001084421152323207293306059076556646767934850559248679225910055191192727530554813659065682844653
7732682	4523329	1.000001019913581678762392375135840281176347729626955126213029766837579557018440230124607748124567365
7923219	4634786	1.000000955406015195539649374934559107338667732973999406526372956736499105557989571972618624538060387
8113756	4746243	1.000000890898452873538795875414004304258165841387780332779480508507478167685654110958920311438006233
8304293	4857700	1.000000826390894712759563446550262892129366836891972759339271681436066957578750005732470391723167032
8494830	4969157	1.00000076188334071320168365833673764109988656291648472850857276290062052302610340375417581904154781
8685367	5080614	1.000000697375790874864888080784147070153436172230712943771477770390569510486909501569881436385872685
8875904	5192071	1.00000063286824519774890828392052544599282644693140249149212386566191870783031548252720683103001021
9066441	5303528	1.000000568360703681853475837791222781922972190485106163004448123621687222691878061979901406062064601
9256978	5414985	1.000000503853166327178322312458904836733896691825238729030792133423636450261291892075338948880096219
9447515	5526442	1.000000439345633133723179278003553113583736261503721518367520744128922680779337888311868191040548567
9638052	5637899	1.000000374838104101487778304522464858881744839897212652776121102137260295318538875794146986843767313
9828589	5749356	1.00000031033057923047185096213025306117129867746791829001854796242678899979921197163288212003048513
10019126	5860813	1.000000245823058520675128820958846450012901087078980226975881090454104452898150897872542125802157316
10209663	5972270	1.000000181315541972097343451157489494867187268364435214789660406359835954788734952843980244610630232
10400200	6083727	1.000000116808029584738226422892742403977929204153741337965564357899737581756522573601282860882619129
10590737	6195184	1.000000052300521358597509306348481123255040628950866809379396843276500277911024133301745672555117475
10781274	6306641	0.9999999877930172936749236717258973351575820694679365331256478397833919507100385897282967187712104218
32153285	18808466	1.000000027886554818094671723272605645627385085832558804951791169511131087909444795659019555688500972
42934559	25115107	1.000000015679571771358902991530610535568349486488231565961699527041700553022935939713314274083952603
53715833	31421748	1.000000003472588873633565207695535313636484117939515450707614078202827473560351134545110534660311078
118212940	69150137	0.999999994738194968221262771954528356121547887980236958259053572084493589271404592016815984018016635
171928773	100571885	0.999999998210783823582742371066112775844155194192931313762254032257322285856022842707434452452005981
225644606	131993633	1.00000000168337269100309539200988912364644830241632764203022259655974532154740178396220023602577919
397573379	232565518	0.9999999998941565115739201133942138603754399510661576387041204197192709357680416132412176670582467064
3406231638	1992517777	1.000000000836624782482743629311164991964354863885848118747611530361610546827326256907361969229126817
3803805017	2225083295	1.000000000730781293968112457223694974351884175020420516270979862125703488120027213927470947816658686
4201378396	2457648813	1.000000000624937805464684129187799240610954431361268728048306976268787060875152674777504401119206181
4598951775	2690214331	1.000000000519094316972458645202292042646853652289169639860806805415079703605946149588019514614313783
4996525154	2922779849	1.000000000413250828491436005265987632364995360899639031287558164113874109181830746833818970559910355
5394098533	3155345367	1.000000000307407340021616209377700261670918584002918291954526352702165085972730567186696290345232977
5791671912	3387910885	1.00000000020156385156299925753624418247028785212396113778358616716582035579232786622558582695519045
6189245291	3620476403	1.000000000095720363115585149740433646668893199502420327241546314999294139824465479587854748672511569
6586818670	3853041921	0.9999999999898768746793738859890829061726501640926343775891752370638833837169040198966567552258220497
